program _0083;
{$APPTYPE CONSOLE}
uses
  SysUtils;
var
c:array[0..30,0..30]of integer;
n,m:integer;
begin
 reset(input,'input.txt');
 rewrite(output,'output.txt');
 read(n,m);
 c[1,1]:=2;
c[1,2]:=4;
c[2,1]:=4;
c[1,3]:=8;
c[3,1]:=8;
c[1,4]:=16;
c[4,1]:=16;
c[1,5]:=32;
c[5,1]:=32;
c[1,6]:=64;
c[6,1]:=64;
c[1,7]:=128;
c[7,1]:=128;
c[1,8]:=256;
c[8,1]:=256;
c[1,9]:=512;
c[9,1]:=512;
c[1,10]:=1024;
c[10,1]:=1024;
c[1,11]:=2048;
c[11,1]:=2048;
c[1,12]:=4096;
c[12,1]:=4096;
c[1,13]:=8192;
c[13,1]:=8192;
c[1,14]:=16384;
c[14,1]:=16384;
c[1,15]:=32768;
c[15,1]:=32768;
c[1,16]:=65536;
c[16,1]:=65536;
c[1,17]:=131072;
c[17,1]:=131072;
c[1,18]:=262144;
c[18,1]:=262144;
c[1,19]:=524288;
c[19,1]:=524288;
c[1,20]:=1048576;
c[20,1]:=1048576;
c[1,21]:=2097152;
c[21,1]:=2097152;
c[1,22]:=4194304;
c[22,1]:=4194304;
c[1,23]:=8388608;
c[23,1]:=8388608;
c[1,24]:=16777216;
c[24,1]:=16777216;
c[2,2]:=14;
c[2,3]:=50;
c[3,2]:=50;
c[2,4]:=178;
c[4,2]:=178;
c[2,5]:=634;
c[5,2]:=634;
c[2,6]:=2258;
c[6,2]:=2258;
c[2,7]:=8042;
c[7,2]:=8042;
c[2,8]:=28642;
c[8,2]:=28642;
c[2,9]:=102010;
c[9,2]:=102010;
c[2,10]:=363314;
c[10,2]:=363314;
c[2,11]:=1293962;
c[11,2]:=1293962;
c[2,12]:=4608514;
c[12,2]:=4608514;
c[3,3]:=322;
c[3,4]:=2066;
c[4,3]:=2066;
c[3,5]:=13262;
c[5,3]:=13262;
c[3,6]:=85126;
c[6,3]:=85126;
c[3,7]:=546410;
c[7,3]:=546410;
c[3,8]:=3507314;
c[8,3]:=3507314;
c[4,4]:=23858;
c[4,5]:=275690;
c[5,4]:=275690;
c[4,6]:=3185462;
c[6,4]:=3185462;
c[1,25]:=33554432;
c[25,1]:=33554432;
c[5,5]:=5735478;
c[1,26]:=67108864;
c[26,1]:=67108864;
c[2,13]:=16413466;
c[13,2]:=16413466;
c[1,27]:=134217728;
c[27,1]:=134217728;
c[3,9]:=22512862;
c[9,3]:=22512862;
c[1,28]:=268435456;
c[28,1]:=268435456;
c[2,14]:=58457426;
c[14,2]:=58457426;
c[4,7]:=36806846;
c[7,4]:=36806846;
c[1,29]:=536870912;
c[29,1]:=536870912;
c[30,1]:=1073741824;
c[1,30]:=1073741824;
c[2,15]:=208199210;
c[15,2]:=208199210;
c[3,10]:=144506294;
c[10,3]:=144506294;
c[5,6]:=119310334;
c[6,5]:=119310334;
write(c[n,m]);
end.
